SPHERE 2
0 0 -10
3
0.1 -0.2 0.1
0.4 0.2 0.8
0.7 0.8 0.7
1.4
0.0
8
0.0
0 0 -5
2.5
0.1 -0.2 0.1
0.3 0.5 0.2
0.5 0.2 0.8
1.4
0.4
5
0.3
PLANE 5
4
20 20 -10
20 -20 -10
-20 -20 -10
-20 20 -10
0.35 3.5 0.35
0.0 0.0 0.0
0.0 0.0 0.0
1
0
1
0
4
20 -20 -10
20 -20 0
-20 -20 0
-20 -20 -10
0.65 6.5 0.65
0.0 0.0 0.0
0.0 0.0 0.0
1
0
1
0
4
-20 20 -10
-20 -20 -10
-20 -20 0
-20 20 0
0.5 0 0
0.1 0 0
0.6 0.2 0.1
1
0
1
0
4
20 20 0
20 -20 0
20 -20 -10
20 20 -10
0 0 0.5
0 0 0.2
0 0 0.1
1
0
1
0
4
-20 20 -10
-20 20 0
20 20 0
20 -20 -10
0 0.7 0
0 1 0
0 1 0
1
0
1
0
SURFACE 0
LIGHT 2
0 -5 0
1 1 1 
3 10 0
1 1 1
AMBIENT
1 0.1 1
