SPHERE 1
0 0 -6
3
0.9 0.2 0.8
0.0 0.2 0.2
0.0 0.2 0.1
1.5
0.8
3
0.1
PLANE 5
4
10 10 -10
10 -10 -10
-10 -10 -10
-10 10 -10
0.65 6.5 0.65
0.0 0.0 0.0
0.0 0.0 0.0
1
0
1
0
4
10 -10 -10
10 -10 0
-10 -10 0
-10 -10 -10
0.45 4.5 0.45
0.0 0.0 0.0
0.0 0.0 0.0
1
0
1
0
4
-10 10 -10
-10 -10 -10
-10 -10 0
-10 10 0
0.5 0 0
0.1 0 0
0.6 0.2 0.1
1
0
1
0
4
10 10 0
10 -10 0
10 -10 -10
10 10 -10
0 0 0.5
0 0 0.2
0 0 0.1
1
0
1
0
4
-10 10 -10
10 10 -10
10 10 0
-10 10 0
0 0 0
0 0 0
0 0 0
1
0
1
0
SURFACE 0
LIGHT 1
0 10 -5
1 1 1 
AMBIENT
1 0.1 1
